16
8,7,8,8,1,20,1,12,19,4,7,13,1,3,11,12
0,1,7,0,0,0,2,2,7,0,0,12,0,0,0,0
1,0,0,0,0,0,10,0,0,0,0,9,0,5,1,0
7,0,0,14,0,1,0,0,0,0,7,10,0,0,0,0
0,0,14,0,15,0,0,0,14,10,0,0,7,8,12,0
0,0,0,15,0,0,3,0,0,0,12,0,0,0,20,0
0,0,1,0,0,0,0,0,5,11,13,0,15,8,17,0
2,10,0,0,3,0,0,17,0,19,2,0,2,0,0,7
2,0,0,0,0,0,17,0,8,0,0,0,1,16,2,20
7,0,0,14,0,5,0,8,0,0,5,4,0,0,8,8
0,0,0,10,0,11,19,0,0,0,0,0,0,15,0,0
0,0,7,0,12,13,2,0,5,0,0,19,8,0,0,0
12,9,10,0,0,0,0,0,4,0,19,0,0,19,4,12
0,0,0,7,0,15,2,1,0,0,8,0,0,0,6,0
0,5,0,8,0,8,0,16,0,15,0,19,0,0,19,5
0,1,0,12,20,17,0,2,8,0,0,4,6,19,0,0
0,0,0,0,0,0,7,20,8,0,0,12,0,5,0,0
