16
7,8,3,19,4,13,1,17,15,5,5,20,11,19,4,5
0,0,0,0,13,0,0,0,0,8,0,0,0,0,1,0
0,0,17,0,10,0,0,0,0,12,0,2,20,5,19,15
0,17,0,0,0,0,0,2,0,14,19,7,0,0,14,0
0,0,0,0,17,0,0,0,0,0,0,9,13,0,18,0
13,10,0,17,0,0,0,0,12,0,0,0,5,0,0,0
0,0,0,0,0,0,0,0,0,0,0,4,7,3,1,0
0,0,0,0,0,0,0,0,0,18,0,0,10,0,0,0
0,0,2,0,0,0,0,0,0,0,0,0,5,0,0,0
0,0,0,0,12,0,0,0,0,0,0,0,0,0,0,15
8,12,14,0,0,0,18,0,0,0,0,0,0,0,0,6
0,0,19,0,0,0,0,0,0,0,0,0,0,0,0,14
0,2,7,9,0,4,0,0,0,0,0,0,0,19,0,0
0,20,0,13,5,7,10,5,0,0,0,0,0,0,0,0
0,5,0,0,0,3,0,0,0,0,0,19,0,0,0,20
1,19,14,18,0,1,0,0,0,0,0,0,0,0,0,0
0,15,0,0,0,0,0,0,15,6,14,0,0,20,0,0
