20
16,19,15,16,12,7,9,4,6,2,12,19,10,4,15,19,8,19,5,5
0,17,6,0,12,6,0,12,0,14,0,0,13,0,9,4,18,0,1,0
17,0,20,19,9,0,0,14,0,5,15,11,6,0,0,18,0,8,6,12
6,20,0,2,0,0,18,6,0,0,0,0,0,0,0,1,5,0,0,9
0,19,2,0,0,2,0,0,0,14,3,0,0,8,1,0,16,2,0,0
12,9,0,0,0,0,0,17,0,15,16,0,0,0,12,12,0,0,0,3
6,0,0,2,0,0,0,16,0,5,9,11,14,10,17,18,9,8,0,6
0,0,18,0,0,0,0,0,2,12,0,3,8,0,2,10,0,7,0,11
12,14,6,0,17,16,0,0,0,0,0,13,0,18,0,18,2,0,13,20
0,0,0,0,0,0,2,0,0,0,4,16,0,1,8,0,0,0,6,20
14,5,0,14,15,5,12,0,0,0,0,4,0,0,0,2,0,0,10,16
0,15,0,3,16,9,0,0,4,0,0,0,0,1,0,0,5,0,0,5
0,11,0,0,0,11,3,13,16,4,0,0,13,12,6,0,13,0,8,0
13,6,0,0,0,14,8,0,0,0,0,13,0,0,10,0,8,0,0,9
0,0,0,8,0,10,0,18,1,0,1,12,0,0,7,0,7,0,0,4
9,0,0,1,12,17,2,0,8,0,0,6,10,7,0,0,0,13,1,0
4,18,1,0,12,18,10,18,0,2,0,0,0,0,0,0,0,8,5,3
18,0,5,16,0,9,0,2,0,0,5,13,8,7,0,0,0,12,0,12
0,8,0,2,0,8,7,0,0,0,0,0,0,0,13,8,12,0,0,19
1,6,0,0,0,0,0,13,6,10,0,8,0,0,1,5,0,0,0,5
0,12,9,0,3,6,11,20,20,16,5,0,9,4,0,3,12,19,5,0
