20
15,4,2,5,11,8,8,18,20,12,15,9,6,17,9,18,20,5,16,1
0,0,0,0,1,2,0,10,8,0,0,0,0,0,9,0,0,0,19,13
0,0,0,0,6,0,0,0,8,0,0,12,16,0,0,0,1,0,0,17
0,0,0,5,0,0,0,0,0,3,0,0,0,0,12,7,0,0,0,0
0,0,5,0,0,9,11,4,0,0,0,0,17,0,0,0,0,0,15,1
1,6,0,0,0,0,0,12,0,0,15,0,0,0,0,10,15,0,0,0
2,0,0,9,0,0,0,0,0,0,0,0,18,0,7,0,0,0,0,0
0,0,0,11,0,0,0,0,0,12,0,0,8,0,20,0,0,14,0,0
10,0,0,4,12,0,0,0,0,0,0,6,0,12,8,0,8,0,0,20
8,8,0,0,0,0,0,0,0,0,15,0,0,0,0,0,0,1,0,0
0,0,3,0,0,0,12,0,0,0,0,5,6,14,0,0,0,0,0,0
0,0,0,0,15,0,0,0,15,0,0,8,0,7,4,9,18,1,0,0
0,12,0,0,0,0,0,6,0,5,8,0,0,0,0,0,0,0,0,17
0,16,0,17,0,18,8,0,0,6,0,0,0,0,4,0,15,0,0,0
0,0,0,0,0,0,0,12,0,14,7,0,0,0,0,18,2,0,0,0
9,0,12,0,0,7,20,8,0,0,4,0,4,0,0,15,0,0,0,0
0,0,7,0,10,0,0,0,0,0,9,0,0,18,15,0,16,16,0,0
0,1,0,0,15,0,0,8,0,0,18,0,15,2,0,16,0,15,7,0
0,0,0,0,0,0,14,0,1,0,1,0,0,0,0,16,15,0,19,0
19,0,0,15,0,0,0,0,0,0,0,0,0,0,0,0,7,19,0,9
13,17,0,1,0,0,0,20,0,0,0,17,0,0,0,0,0,0,9,0
