16
4,10,17,3,17,4,14,8,18,12,9,20,12,9,10,19
0,0,0,11,5,1,16,0,6,7,0,1,0,11,16,0
0,0,0,11,0,18,12,11,14,0,14,0,0,0,8,0
0,0,0,20,0,20,19,6,20,8,0,11,12,9,7,0
11,11,20,0,7,0,0,17,15,10,20,13,0,1,9,3
5,0,0,7,0,1,0,4,14,2,0,18,20,12,11,0
1,18,20,0,1,0,0,7,20,19,0,10,7,8,17,12
16,12,19,0,0,0,0,0,8,8,0,0,20,6,16,17
0,11,6,17,4,7,0,0,15,0,7,12,3,13,19,0
6,14,20,15,14,20,8,15,0,6,0,0,0,0,14,2
7,0,8,10,2,19,8,0,6,0,11,10,5,8,2,0
0,14,0,20,0,0,0,7,0,11,0,12,5,10,11,6
1,0,11,13,18,10,0,12,0,10,12,0,0,0,6,7
0,0,12,0,20,7,20,3,0,5,5,0,0,6,11,13
11,0,9,1,12,8,6,13,0,8,10,0,6,0,18,13
16,8,7,9,11,17,16,19,14,2,11,6,11,18,0,14
0,0,0,3,0,12,17,0,2,0,6,7,13,13,14,0
