20
19,5,12,11,8,5,20,4,13,2,13,20,16,8,1,17,17,11,18,5
0,0,20,13,3,7,15,17,0,5,2,14,7,16,0,0,0,10,18,0
0,0,0,9,0,5,0,0,12,20,0,8,9,4,8,9,19,16,8,4
20,0,0,6,3,0,13,8,10,20,3,8,15,20,9,3,7,14,14,9
13,9,6,0,0,6,19,9,14,5,13,7,13,17,12,8,2,6,13,0
3,0,3,0,0,4,7,6,0,6,2,6,2,1,17,0,0,14,18,1
7,5,0,6,4,0,3,0,1,0,8,15,6,10,6,2,0,7,0,4
15,0,13,19,7,3,0,0,18,0,19,12,7,16,9,0,0,8,13,9
17,0,8,9,6,0,0,0,4,0,0,0,0,7,5,0,0,18,0,0
0,12,10,14,0,1,18,4,0,0,17,10,17,11,13,0,3,18,0,0
5,20,20,5,6,0,0,0,0,0,15,20,18,17,0,14,11,0,0,14
2,0,3,13,2,8,19,0,17,15,0,14,0,0,0,14,9,4,3,4
14,8,8,7,6,15,12,0,10,20,14,0,6,8,11,9,20,12,17,5
7,9,15,13,2,6,7,0,17,18,0,6,0,15,15,3,0,0,15,15
16,4,20,17,1,10,16,7,11,17,0,8,15,0,0,0,12,0,11,0
0,8,9,12,17,6,9,5,13,0,0,11,15,0,0,0,3,1,19,0
0,9,3,8,0,2,0,0,0,14,14,9,3,0,0,0,18,4,1,2
0,19,7,2,0,0,0,0,3,11,9,20,0,12,3,18,0,0,16,0
10,16,14,6,14,7,8,18,18,0,4,12,0,0,1,4,0,0,13,19
18,8,14,13,18,0,13,0,0,0,3,17,15,11,19,1,16,13,0,15
0,4,9,0,1,4,9,0,0,14,4,5,15,0,0,2,0,19,15,0
